10.000000 3797.594846
20.000000 3797.592710
30.000000 3797.587284
40.000000 3797.578720
50.000000 3797.567431
60.000000 3797.554060
70.000000 3797.539402
80.000000 3797.524332
90.000000 3797.509745
100.000000 3797.496525
110.000000 3797.485519
120.000000 3797.477527
130.000000 3797.473296
140.000000 3797.473523
150.000000 3797.478851
160.000000 3797.489871
170.000000 3797.507129
180.000000 3797.531121
190.000000 3797.562298
200.000000 3797.601067
210.000000 3797.647794
220.000000 3797.702799
230.000000 3797.766366
240.000000 3797.838737
250.000000 3797.920116
260.000000 3798.010671
270.000000 3798.110535
280.000000 3798.219808
290.000000 3798.338559
300.000000 3798.466827
