10.000000 3806.642811
20.000000 3806.642853
30.000000 3806.642835
40.000000 3806.642695
50.000000 3806.642957
60.000000 3806.644671
70.000000 3806.649133
80.000000 3806.657696
90.000000 3806.671673
100.000000 3806.692299
110.000000 3806.720710
120.000000 3806.757942
130.000000 3806.804940
140.000000 3806.862559
150.000000 3806.931578
160.000000 3807.012701
170.000000 3807.106571
180.000000 3807.213768
190.000000 3807.334814
200.000000 3807.470179
210.000000 3807.620282
220.000000 3807.785491
230.000000 3807.966129
240.000000 3808.162470
250.000000 3808.374748
260.000000 3808.603154
270.000000 3808.847842
280.000000 3809.108925
290.000000 3809.386486
300.000000 3809.680572
