10.000000 3810.738294
20.000000 3810.738216
30.000000 3810.737869
40.000000 3810.736990
50.000000 3810.735493
60.000000 3810.733616
70.000000 3810.731863
80.000000 3810.730903
90.000000 3810.731487
100.000000 3810.734392
110.000000 3810.740385
120.000000 3810.750207
130.000000 3810.764553
140.000000 3810.784079
150.000000 3810.809389
160.000000 3810.841041
170.000000 3810.879547
180.000000 3810.925372
190.000000 3810.978937
200.000000 3811.040622
210.000000 3811.110762
220.000000 3811.189654
230.000000 3811.277557
240.000000 3811.374690
250.000000 3811.481239
260.000000 3811.597356
270.000000 3811.723159
280.000000 3811.858738
290.000000 3812.004155
300.000000 3812.159443
