10.000000 3186.271352
20.000000 3186.271396
30.000000 3186.271613
40.000000 3186.272152
50.000000 3186.273157
60.000000 3186.274786
70.000000 3186.277270
80.000000 3186.280947
90.000000 3186.286258
100.000000 3186.293715
110.000000 3186.303873
120.000000 3186.317299
130.000000 3186.334555
140.000000 3186.356175
150.000000 3186.382662
160.000000 3186.414477
170.000000 3186.452036
180.000000 3186.495710
190.000000 3186.545821
200.000000 3186.602644
210.000000 3186.666408
220.000000 3186.737297
230.000000 3186.815451
240.000000 3186.900970
250.000000 3186.993917
260.000000 3187.094317
270.000000 3187.202165
280.000000 3187.317428
290.000000 3187.440045
300.000000 3187.569934
