10.000000 3180.107369
20.000000 3180.107317
30.000000 3180.106989
40.000000 3180.106143
50.000000 3180.104788
60.000000 3180.103166
70.000000 3180.101666
80.000000 3180.100759
90.000000 3180.100952
100.000000 3180.102761
110.000000 3180.106694
120.000000 3180.113240
130.000000 3180.122860
140.000000 3180.135987
150.000000 3180.153020
160.000000 3180.174327
170.000000 3180.200237
180.000000 3180.231048
190.000000 3180.267022
200.000000 3180.308382
210.000000 3180.355319
220.000000 3180.407990
230.000000 3180.466515
240.000000 3180.530984
250.000000 3180.601457
260.000000 3180.677964
270.000000 3180.760511
280.000000 3180.849078
290.000000 3180.943623
300.000000 3181.044085
