10.000000 3200.900968
20.000000 3200.900950
30.000000 3200.900854
40.000000 3200.900817
50.000000 3200.901167
60.000000 3200.902311
70.000000 3200.904701
80.000000 3200.908825
90.000000 3200.915191
100.000000 3200.924318
110.000000 3200.936722
120.000000 3200.952905
130.000000 3200.973344
140.000000 3200.998486
150.000000 3201.028747
160.000000 3201.064502
170.000000 3201.106091
180.000000 3201.153813
190.000000 3201.207927
200.000000 3201.268654
210.000000 3201.336174
220.000000 3201.410630
230.000000 3201.492128
240.000000 3201.580741
250.000000 3201.676508
260.000000 3201.779439
270.000000 3201.889514
280.000000 3202.006691
290.000000 3202.130902
300.000000 3202.262062
